[base]
package = ocean
env_name = puffer_breakout
policy_name = Policy
rnn_name = Recurrent

[vec]
num_envs = 8

[env]
num_envs = 1024
frameskip = 4
width = 576
height = 330
paddle_width = 62
paddle_height = 8
ball_width = 32
ball_height = 32
brick_width = 32
brick_height = 12
brick_rows = 6
brick_cols = 18
initial_ball_speed = 256
max_ball_speed = 448
paddle_speed = 620
continuous = 0
 
[policy]
hidden_size = 128

[rnn]
input_size = 128
hidden_size = 128

[train]
total_timesteps = 90_000_000
adam_beta1 = 0.8946507418260217
adam_beta2 = 0.9
adam_eps = 0.0001
batch_size = auto
bptt_horizon = 64
clip_coef = 0.19696765958267629
ent_coef = 0.0005690816545012474
gae_lambda = 0.747650023961198
gamma = 0.9997053654668936
learning_rate = 0.044482546441415506
max_grad_norm = 2.2356112188495723
minibatch_size = 32768
prio_alpha = 0.98967001208896
prio_beta0 = 0.09999999999999998
vf_clip_coef = 2.178492167689251
vf_coef = 1.6832989594296321
vtrace_c_clip = 2.878171091654008
vtrace_rho_clip = 0.7876748061547312

[sweep]

[sweep.train.total_timesteps]
distribution = log_normal
min = 3e7
max = 2e8
mean = 8e7
scale = auto

[sweep.env.frameskip]
distribution = int_uniform
min = 1
max = 8
mean = 4
scale = 2.0
